barcode_01 0.6715918895599655 0.8724954462659381 0.7589737339265038 0.6115694362600668
barcode_02 0.5903229206929267 0.9782608695652174 0.7363200070125715 0.5826791680636323
barcode_03 0.9927360774818402 0.6372289156626506 0.7762131540905656 0.6342715291352369
barcode_04 0.8296703296703297 0.9333333333333333 0.8784541865780179 0.7832530566876621
barcode_05 0.9890528041212973 0.963336754475995 0.9760254188330445 0.9531734837799718
barcode_06 0.9567567567567568 0.9906303236797275 0.9733989355791307 0.9481764331972989
barcode_07 0.8962655601659751 0.9820143884892086 0.9371826352301714 0.8817908572966668
barcode_08 1.0 0.8368366903475862 0.911171575290377 0.8368366903475862
barcode_09 0.9983007646559049 0.934508276533593 0.9653517829848477 0.9330241594285856
barcode_10 1.0 0.806209029066172 0.8927084474635696 0.806209029066172
barcode_11 1.0 0.8017450827118501 0.8899650571046644 0.8017450827118501
barcode_12 0.9612903225806452 0.894370836688383 0.9266239429676538 0.8632798699922278
barcode_13 1.0 0.9057942818650986 0.9505687895953243 0.9057942818650986
barcode_14 0.9927536231884058 0.9520190397072196 0.9719597246975626 0.9454490724224046
barcode_15 0.9600096674742544 0.9648212328564235 0.9624094363483789 0.9275425876670901
barcode_16 0.9149659863945578 0.9796296296296296 0.9461943042561821 0.8978830804177051
barcode_17 0.9673659673659674 0.8477685050798258 0.9036271554183015 0.8241969507764162
barcode_18 0.7246023523676032 0.9490740740740741 0.8217852576286415 0.6974834281691793
barcode_19 0.6143080067693796 0.9310344827586207 0.7402138247188156 0.5875710015261912
barcode_20 0.9771055368640017 0.9794826048171276 0.9782926268851574 0.9575076510436368
barcode_21 0.9948068181818182 0.9599013157894737 0.9770424107142857 0.9551152667008521
barcode_22 0.9957537154989384 0.7516589949580414 0.8566576545296274 0.7492573487927601
barcode_23 0.9576923076923077 0.9908256880733946 0.9739772912478949 0.9492745949380493
barcode_24 1.0 0.8676679206271717 0.9291458198155533 0.8676679206271717
barcode_25 0.989159891598916 0.9870747374147383 0.9881162144684239 0.9765115605141687
barcode_26 0.964 0.7842876165113183 0.8649071870972852 0.7619704549846478
barcode_27 0.9954022988505747 0.8964358188333837 0.943330474735485 0.8927393590719314
barcode_28 0.969626168224299 0.9643527204502814 0.9669822546901881 0.93607516335567
barcode_29 1.0 0.8211085104282221 0.9017678032103026 0.8211085104282221
barcode_30 0.9932885906040269 0.7799837215126472 0.8738070584439439 0.7758946324389214
barcode_31 0.8661971830985915 0.9685174825174825 0.9145041797076185 0.8424760027738238
barcode_32 0.85 0.9711864406779661 0.9065611912517451 0.8290918376032003
barcode_33 0.8462809917355372 0.967391304347826 0.9027924991827557 0.8228092667160217
barcode_34 0.9617163792465399 0.9878048780487805 0.9745860704664636 0.9504318620967103
barcode_35 0.7183098591549296 0.9626262626262626 0.8227129230743189 0.6988209920920201
barcode_36 0.8791469194312796 0.9711090400745573 0.9228426117232251 0.8567388775001386
barcode_37 0.9984276729559748 0.9461678923282908 0.9715955583030439 0.9447601730500381
barcode_38 1.0 0.8946298141515334 0.9443848159353208 0.8946298141515334
barcode_39 1.0 0.8911611364830457 0.9424486568503837 0.8911611364830457
barcode_40 0.9853517432891084 0.9610945588058264 0.9730720009750449 0.9475562083212794
barcode_41 0.9977827050997783 0.791363656895072 0.8826655963618594 0.7899744190171011
barcode_42 0.9822485207100592 0.8614477108844989 0.9178906212261994 0.8482419977417746
barcode_43 0.9731993299832495 0.8926202539741194 0.9311698093066424 0.871204628587995
barcode_44 0.9834254143646409 0.8955499900970257 0.9374328349420235 0.8822339573149471
barcode_45 0.9334089555624876 0.9557309360790258 0.9444380681296484 0.8947253966010286
barcode_46 1.0 0.9016769401156742 0.9482966544894081 0.9016769401156742
barcode_47 0.8482587064676617 0.899075500770416 0.8729281646763593 0.7745097848405523
barcode_48 0.8990825688073395 0.8492260990804963 0.873443456162643 0.7753214527408075
barcode_49 0.8585572842998586 0.958963282937365 0.9059868997174548 0.828131673636696
barcode_50 0.8097826086956522 0.954006968641115 0.8759982048953107 0.7793565888511061
barcode_51 0.8405797101449275 0.9257246376811594 0.8810999628390933 0.7874697770810638
barcode_52 1.0 0.9694028009976156 0.9844637171294338 0.9694028009976156
barcode_53 0.9951456310679612 0.9184656539958096 0.9552693276779547 0.9143689880902497
barcode_54 0.9642566039191854 0.9273356401384083 0.9454358018882422 0.896518015291137
barcode_55 1.0 0.8702663284717819 0.9306335843439875 0.8702663284717819
barcode_56 1.0 0.9715530777708997 0.9855713130172162 0.9715530777708997
barcode_57 0.9936628643852978 0.9104096116668613 0.9502161644271557 0.9051541205229584
barcode_58 0.9672489082969432 0.9400778210116731 0.9534698299093377 0.9110772504788253
barcode_59 0.9911111111111112 0.9016684934843503 0.9442765129774887 0.8944354507454031
barcode_60 0.8439955106621774 0.8891752577319587 0.8659965185230927 0.7636630157389228
barcode_61 0.9686746987951808 0.846847512750388 0.9036736142606432 0.8242742544695852
barcode_62 1.0 0.86268906758956 0.9262834926131127 0.86268906758956
barcode_63 0.7394926245002944 0.9669485011529593 0.8380614767479826 0.7212614608924643
barcode_64 0.9992831541218637 0.8981118112464223 0.9460001948747929 0.8975335576674186
barcode_65 0.8879310344827587 0.9341804348553643 0.910468776332313 0.8356518441641386
barcode_66 0.9420289855072463 0.9755434782608695 0.9584933560616952 0.920294999211232
barcode_67 0.0 0.0 0.0 0.0
barcode_68 1.0 0.9210339338727356 0.9588939764494052 0.9210339338727356
barcode_69 0.9555555555555556 0.8231587172170132 0.8844297225035815 0.7928050256846514
barcode_70 0.9891891891891892 0.8998447204968945 0.9424041197994308 0.8910814966683752
barcode_71 0.9271070615034168 0.9799154334038055 0.952780075128634 0.9098185132847504
barcode_72 0.939922822491731 0.9879912663755459 0.9633578021461439 0.9293059882576344
barcode_73 0.9934497816593887 0.9442190669371197 0.968209017311446 0.9383770875653212
